Network with one connection: 
1, 2
after split: [(0, 1, )]
after update: [(0, 1, )]
after merge: [(0, 1, )]
[0, 0]


Network: 
0, 2, 1
after split: [(1, )(0, )(2, )]
after update: [(1, )(0, )(2, )]
after merge: [(1, )(0, )(2, )]
[1, 0, 2]


Network:
0, 1, 1
1, 2, 1
after split: [(0, 1, 2, )]
after update: [(0, 1, 2, )]
after merge: [(0, 1, 2, )]
[0, 0, 0]

Network:
0, 1, 1
2, 3, 1
after split: [(0, 1, 2, 3, )]
after update: [(0, 1, 2, 3, )]
after merge: [(0, 1, 2, 3, )]
[0, 0, 0, 0]

Network:
0, 1, 1
1, 3, 1
6, 7, 1
5, 6, 1
1, 2, 1
4, 6, 1
after split: [(0, 2, 3, 4, 5, 7, )(1, )(6, )]
after update: [(0, 2, 3, 4, 5, 7, )(1, )(6, )]
after merge: [(0, 2, 3, 4, 5, 7, 1, 6, )]
[0, 0, 0, 0, 0, 0, 0, 0]

Network:
0, 1, 1
1, 2, 1
4, 6, 1
7, 6, 1
6, 7, 1
6, 5, 1
5, 6, 1
3, 1, 1
6, 4, 1
1, 3, 1
1, 0, 1
2, 1, 1
after split: [(0, 1, 2, 3, 4, 5, 6, 7, )]
after update: [(0, 1, 2, 3, 4, 5, 6, 7, )]
after merge: [(0, 1, 2, 3, 4, 5, 6, 7, )]
[0, 0, 0, 0, 0, 0, 0, 0]

Network:
0, 1, 1
1, 3, 1
5, 6, 1
5, 7, 1
4, 5, 1
1, 2, 1
2, 4, 1
after split: [(0, 1, 2, 3, 4, 5, 6, 7, )]
after update: [(0, 1, 2, 3, 4, 5, 6, 7, )]
after merge: [(0, 1, 2, 3, 4, 5, 6, 7, )]
[0, 0, 0, 0, 0, 0, 0, 0]

Network:
0, 1, 1
0, 3, 1
2, 3, 1
1, 3, 1
0, 2, 1
1, 2, 1
after split: [(0, 1, 2, 3, )]
after update: [(0, 1, 2, 3, )]
after merge: [(0, 1, 2, 3, )]
[0, 0, 0, 0]

Network:
0, 1, 1
0, 3, 1
4, 5, 1
1, 4, 1
6, 7, 1
5, 7, 1
5, 6, 1
4, 7, 1
2, 3, 1
4, 6, 1
1, 3, 1
0, 2, 1
1, 2, 1
after split: [(0, 1, 2, 3, 4, 5, 6, 7, )]
after update: [(0, 1, 2, 3, 4, 5, 6, 7, )]
after merge: [(0, 1, 2, 3, 4, 5, 6, 7, )]
[0, 0, 0, 0, 0, 0, 0, 0]

Network:
0, 1, 1
0, 3, 1
4, 5, 1
6, 7, 1
5, 7, 1
5, 6, 1
4, 7, 1
2, 3, 1
4, 6, 1
1, 3, 1
0, 2, 1
1, 2, 1
after split: [(0, 1, 2, 3, 4, 5, 6, 7, )]
after update: [(0, 1, 2, 3, 4, 5, 6, 7, )]
after merge: [(0, 1, 2, 3, 4, 5, 6, 7, )]
[0, 0, 0, 0, 0, 0, 0, 0]

Network:
0, 1, 1
1, 3, 1
1, 6, 1
1, 7, 1
4, 5, 1
1, 2, 1
1, 4, 1
after split: [(0, 1, 2, 3, 4, 5, 6, 7, )]
after update: [(0, 1, 2, 3, 4, 5, 6, 7, )]
after merge: [(0, 1, 2, 3, 4, 5, 6, 7, )]
[0, 0, 0, 0, 0, 0, 0, 0]

Network:
1, 0, 1
1, 3, 1
2, 7, 1
8, 12, 1
8, 11, 1
8, 10, 1
8, 9, 1
1, 6, 1
8, 7, 1
1, 5, 1
1, 2, 1
1, 4, 1
after split: [(0, 3, 4, 5, 6, 9, 10, 11, 12, )(1, )(2, )(7, )(8, )]
after update: [(0, 3, 4, 5, 6, )(1, )(2, )(7, 9, 10, 11, 12, )(8, )]
after merge: [(0, 3, 4, 5, 6, 1, 2, )(7, 9, 10, 11, 12, 8, )]
[0, 0, 0, 0, 0, 0, 0, 1, 1, 1, 1, 1, 1]