Network with one connection: 
1, 2
after split: [(0, 1, )]
after update: [(0, 1, )]
after merge: [(0, 1, )]
[0, 0]


Network: 
0, 2, 1
after split: [(1, )(0, )(2, )]
after update: [(1, )(0, )(2, )]
after merge: [(1, )(0, )(2, )]
[1, 0, 2]


Network:
0, 1, 1
1, 2, 1
after split: [(0, 1, 2, )]
after update: [(0, 1, 2, )]
after merge: [(0, 1, 2, )]
[0, 0, 0]

Network:
0, 1, 1
2, 3, 1
after split: [(0, 1, 2, 3, )]
after update: [(0, 1, 2, 3, )]
after merge: [(0, 1, 2, 3, )]
[0, 0, 0, 0]

Network:
0, 1, 1
1, 3, 1
6, 7, 1
5, 6, 1
1, 2, 1
4, 6, 1
after split: [(0, 2, 3, 4, 5, 7, )(1, )(6, )]
after update: [(0, 2, 3, 4, 5, 7, )(1, )(6, )]
after merge: [(0, 2, 3, 4, 5, 7, 1, 6, )]
[0, 0, 0, 0, 0, 0, 0, 0]

Network:
0, 1, 1
1, 2, 1
4, 6, 1
7, 6, 1
6, 7, 1
6, 5, 1
5, 6, 1
3, 1, 1
6, 4, 1
1, 3, 1
1, 0, 1
2, 1, 1
after split: [(0, 1, 2, 3, 4, 5, 6, 7, )]
after update: [(0, 1, 2, 3, 4, 5, 6, 7, )]
after merge: [(0, 1, 2, 3, 4, 5, 6, 7, )]
[0, 0, 0, 0, 0, 0, 0, 0]

Network:
0, 1, 1
1, 3, 1
5, 6, 1
5, 7, 1
4, 5, 1
1, 2, 1
2, 4, 1
after split: [(0, 1, 2, 3, 4, 5, 6, 7, )]
after update: [(0, 1, 2, 3, 4, 5, 6, 7, )]
after merge: [(0, 1, 2, 3, 4, 5, 6, 7, )]
[0, 0, 0, 0, 0, 0, 0, 0]

Network:
0, 1, 1
0, 3, 1
2, 3, 1
1, 3, 1
0, 2, 1
1, 2, 1
after split: [(0, 1, 2, 3, )]
after update: [(0, 1, 2, 3, )]
after merge: [(0, 1, 2, 3, )]
[0, 0, 0, 0]

Network:
0, 1, 1
0, 3, 1
4, 5, 1
1, 4, 1
6, 7, 1
5, 7, 1
5, 6, 1
4, 7, 1
2, 3, 1
4, 6, 1
1, 3, 1
0, 2, 1
1, 2, 1
after split: [(0, 1, 2, 3, 4, 5, 6, 7, )]
after update: [(0, 1, 2, 3, 4, 5, 6, 7, )]
after merge: [(0, 1, 2, 3, 4, 5, 6, 7, )]
[0, 0, 0, 0, 0, 0, 0, 0]

Network:
0, 1, 1
0, 3, 1
4, 5, 1
6, 7, 1
5, 7, 1
5, 6, 1
4, 7, 1
2, 3, 1
4, 6, 1
1, 3, 1
0, 2, 1
1, 2, 1
after split: [(0, 1, 2, 3, 4, 5, 6, 7, )]
after update: [(0, 1, 2, 3, 4, 5, 6, 7, )]
after merge: [(0, 1, 2, 3, 4, 5, 6, 7, )]
[0, 0, 0, 0, 0, 0, 0, 0]

Network:
0, 1, 1
1, 3, 1
1, 6, 1
1, 7, 1
4, 5, 1
1, 2, 1
1, 4, 1
after split: [(0, 1, 2, 3, 4, 5, 6, 7, )]
after update: [(0, 1, 2, 3, 4, 5, 6, 7, )]
after merge: [(0, 1, 2, 3, 4, 5, 6, 7, )]
[0, 0, 0, 0, 0, 0, 0, 0]

Network:
1, 0, 1
1, 3, 1
2, 7, 1
8, 12, 1
8, 11, 1
8, 10, 1
8, 9, 1
1, 6, 1
8, 7, 1
1, 5, 1
1, 2, 1
1, 4, 1
after split: [(0, 3, 4, 5, 6, 9, 10, 11, 12, )(1, )(2, )(7, )(8, )]
after update: [(0, 3, 4, 5, 6, )(1, )(2, )(7, 9, 10, 11, 12, )(8, )]
after merge: [(0, 3, 4, 5, 6, 1, 2, )(7, 9, 10, 11, 12, 8, )]
[0, 0, 0, 0, 0, 0, 0, 1, 1, 1, 1, 1, 1]
















iteration: 0
source final: 
 source: [[0, 3, 9], [1, 2], [4], [5, 6, 7], [8]] 
 dest: [[10, 11, 12, 13, 14, 15, 16, 17, 18, 19]] 
 partitioning [0, 1, 1, 0, 2, 3, 3, 3, 4, 0, 0, 0, 0, 0, 0, 0, 0, 0, 0, 0]
dest final: 
 source: [[0, 3, 9], [1, 2], [4], [5, 6, 7], [8]] 
 dest: [[19], [10], [12, 15, 17], [14], [13, 16], [11, 18]] 
 partitioning [0, 1, 1, 0, 2, 3, 3, 3, 4, 0, 1, 5, 2, 4, 3, 2, 4, 2, 5, 0] 

iteration: 1
source final: 
 source: [[1, 3], [4], [0, 6, 9], [8], [5], [2, 7]] 
 dest: [[19], [10], [12, 15, 17], [14], [13, 16], [11, 18]] 
 partitioning [2, 0, 5, 0, 1, 4, 2, 5, 3, 2, 1, 5, 2, 4, 3, 2, 4, 2, 5, 0]
dest final: 
 source: [[1, 3], [4], [0, 6, 9], [8], [5], [2, 7]] 
 dest: [[15, 19], [10], [12, 17], [14], [13, 16], [18], [11]] 
 partitioning [2, 0, 5, 0, 1, 4, 2, 5, 3, 2, 1, 6, 2, 4, 3, 0, 4, 2, 5, 0] 

iteration: 2
source final: 
 source: [[3], [4], [0, 6, 9], [8], [5], [2, 7], [1]] 
 dest: [[15, 19], [10], [12, 17], [14], [13, 16], [18], [11]] 
 partitioning [2, 6, 5, 0, 1, 4, 2, 5, 3, 2, 1, 6, 2, 4, 3, 0, 4, 2, 5, 0]
dest final: 
 source: [[3], [4], [0, 6, 9], [8], [5], [2, 7], [1]] 
 dest: [[15, 19], [10], [12, 17], [14], [16], [18], [11], [13]] 
 partitioning [2, 6, 5, 0, 1, 4, 2, 5, 3, 2, 1, 6, 2, 7, 3, 0, 4, 2, 5, 0] 

iteration: 3
source final: 
 source: [[3], [4], [6, 7], [8], [5], [2], [1], [0], [9]] 
 dest: [[15, 19], [10], [12, 17], [14], [16], [18], [11], [13]] 
 partitioning [7, 6, 5, 0, 1, 4, 2, 2, 3, 8, 1, 6, 2, 7, 3, 0, 4, 2, 5, 0]
dest final: 
 source: [[3], [4], [6, 7], [8], [5], [2], [1], [0], [9]] 
 dest: [[15, 19], [10], [12, 17], [14], [16], [18], [11], [13]] 
 partitioning [7, 6, 5, 0, 1, 4, 2, 2, 3, 8, 1, 6, 2, 7, 3, 0, 4, 2, 5, 0]  
