788757355
916887191
809406112
776978099
961603064
573024108
669864260
917334711
981936153
141611713
485966250
484446805
458087114
331261911
825752009
145540251
556096184
581574890
105896471
843009121
44341242
57470849
586406069
537380365
757773630
225869719
20179825
769337075
239683849
194781183
392294566
471025236
247510411
642151093
1016371531
23573973
510252062
669126781
103448241
318852868
372294807
734785442
108015618
227135328
900701440
546402273
244915213
448150394
547764644
438693365
822812211
208122253
423788052
292479771
149097364
838366546
926969238
657840473
119102725
411243911
596326403
853793960
353895104
273791887
301587457
761850807
85679088
20085466
43902803
296616990
204328199
608712524
437526954
18995832
906968826
415491606
243212280
148558749
165694582
727881778
562486989
791402775
367527222
9047345
438538350
248207112
88307415
782578489
15045202
878757667
548234461
34533977
443056145
301288658
234533732
165503123
827730908
230697067
477323937
891326810
235600727
260011224
260873130
406255319
998229326
912103086
422797743
665253469
41595142
555940075
19920806
150914726
916928949
927251929
236240503
387689544
140961052
135230748
466264430
17732528
785193088
322534744
228955188
475300130
99396359
802989806
290178904
679715360
36166947
511422860
1011898621
957691380
721238584
489407215
379917648
8527114
373681619
396475617
845046946
295117755
500478563
189942148
106952635
67636065
96638523
496269683
898891079
850228505
1011451234
936557858
636094814
605608352
900870913
32276088
288705369
966032656
613390559
348226206
692576402
227630162
922535574
642571283
567277077
47789911
423752373
860087373
73304830
10523217
864126265
93625682
355416249
288079108
127647892
785433863
49137933
355886075
452910130
40029383
963006290
676476974
653760465
563461809
575712067
413567867
495130790
573800893
657290484
87200997
415811992
854134990
922214585
450080337
483863032
702841129
440277854
972169187
644960285
126578447
915200890
517844925
339861133
462780177
121099613
322566497
442941062
444802502
987231085
562648788
531818993
380282747
797912692
821098333
372780358
250901115
592602593
873512284
613095830
659842707
337734870
1015910878
533322237
494328610
337038609
962909218
551734865
268461866
928310017
931914246
516209182
710981271
802476616
851902040
567305049
682912401
882619421
285802158
48970518
150259761
155770723
126545909
452410496
926238424
510243396
403015988
15965767
710473541
715249703
922011480
893078188
716292207
427552558
52878698
284049448
224131795
440095984
479455332
924623977
371615813
77308631
905885223
840357619
402369768
134703802
147085737
218909456
113153246
428730231
722441255
213858672
951816430
109356436
939089130
438711363
68534514
246982521
457378278
832363347
291477105
569381753
374585146
500673926
953861713
135512478
557636364
829354608
928820278
968670921
604270996
695701612
32166973
853030053
498667302
433820037
557718618
997897913
396958505
873539859
1001531966
38691796
700778631
262067409
323181845
959625268
309366764
798185821
902392345
683196822
154775267
682168210
91613288
21157426
217393978
557618509
680136549
527297133
417763596
12586648
193912976
475376945
733136919
318051032
817042545
416343104
716964618
784405134
764911793
706699146
843649986
295478217
947980191
607887790
434218350
1006773321
781565194
529004886
543011939
322995521
406827192
214537476
768009549
665295800
416634774
74400495
658913521
539687900
439011417
209427199
949792035
705815375
479789860
309179357
463084997
1017090782
612516352
270309511
808683569
113144816
483846443
866297091
873110296
27427319
523179212
759018868
277585562
873355703
887220134
203123636
730056403
151214918
53132428
657190358
330998876
349659794
478396506
596541186
157507624
168714041
367317151
40198489
161731777
883951586
696205846
289064585
282007029
61037480
101196142
456360849
104871812
881627035
915483022
269251013
9802340
438557951
758965887
126175330
169081311
205889516
268398518
784635030
844562806
750123033
44588269
85507279
871953574
741056135
451186591
488168000
463245240
851965347
185698464
899620965
702356963
571692142
939500949
463381536
113125748
704257330
263306911
295049426
691954377
707015715
755314618
938292507
529013421
466255165
211329834
104030709
243026954
291735397
813199118
219405146
621524931
859036972
602312497
932001694
649058366
962171892
555080806
641130780
331963346
199585181
283020712
294003969
110001877
30863273
8465724
571976102
59096433
254613538
194349994
252086661
851589675
116476296
748699861
610828714
987022546
345766134
744516708
202247235
647385165
899964482
904334532
953105235
609567145
862271406
1015244607
959592220
735010426
944670151
811268871
68699457
919497710
409172801
869940410
703227623
877881519
317318833
881383292
840872905
951905980
699461928
356238911
770844060
695711673
545742565
820917267
313200828
289890559
637356484
895339621
910733134
479441616
253422543
48158958
173122634
733984218
513520308
240958528
781529833
244512741
423827479
143979609
934774457
601121865
950051028
229451690
620581745
741462178
119756847
908623930
128622407
756683262
98655184
606403881
156988080
542443965
122233000
311681246
121624342
358154874
139114603
87249371
335338208
291662299
285764219
289227707
930983636
218067190
473882267
657211763
715383478
66785229
645885715
763903346
934504594
435003323
750456076
530736671
803506309
618265509
182939523
735348313
591182925
976093643
142690148
198059177
9604867
859958959
994548536
484482401
671634176
872851901
78651986
44114460
605208895
690772837
18121308
185433463
689127067
180884052
720528325
688169563
690461521
961306745
388818103
303383282
922294161
51439650
936137205
855940211
982794607
955675224
134162758
2852482
908387198
355960150
205280856
563386293
66299619
272534455
26920558
975014278
51461652
416995669
852288065
768851022
536783271
798494288
214313373
684281478
614914929
557307862
214530380
568175208
12851247
201844320
228640314
532286711
106122799
71132230
376508335
74580119
435570486
43040093
872784210
369038475
728164683
549962324
215424817
355781655
688851595
391194875
184480871
897491590
536508540
429688187
174788183
450994016
123282118
302594844
743074278
219517764
324261728
701414033
160056235
720284757
110595027
382049366
405591866
29064529
214373029
657467523
1015870634
575690467
905601630
445189700
480445615
370331394
542341108
1006587094
847502539
547541549
861501356
595432022
499493323
529742941
978606025
426102717
520213350
350437939
384381524
928101333
350380031
525217487
423743984
376708785
246170504
639396671
544982278
901619647
525749529
238855545
674713229
215513568
383742817
617717249
916247243
301615122
1006233832
88342890
633846731
213518772
611941602
267250154
152858520
464317597
316619898
1013752221
429766779
213768985
363117468
28090280
761362928
852425784
520222823
590816296
341267938
381849642
943307575
1023482934
251423826
547361138
930681011
104277395
523403153
438796884
658277730
250576925
755202316
947999898
669476772
114318500
21589638
114859849
78913344
67493010
910071879
631637655
425707302
65155974
424844346
602235392
854131963
240568339
568875203
252943825
698376761
114048814
316155786
841239221
145520093
653113452
163082085
327980498
724045339
846625120
466684155
700230877
706694993
830851808
580665060
1013712697
190750817
511161743
157048076
810706413
468364189
843803052
635287449
133201686
956913507
1000100451
576314789
95641835
188716720
568354407
574439829
285695529
442501060
893571270
11410242
803644988
885835892
532793704
831772625
676234719
406868186
237802147
774289328
596021017
204154717
83062762
254257353
410065245
608609311
500254155
969459268
454714595
23181349
313846183
882746768
666709742
319729752
198587830
1000614964
969408685
79970708
570573056
1022835159
631524756
259636489
7093949
327821217
723282752
461507554
412882768
573887083
727095652
555268477
1026176217
28846840
723301986
882553137
55379773
27346924
139305540
564340496
590730656
816605150
302546805
860843983
491785837
796433985
313153422
70670679
887525939
947388385
48239815
984371184
37017321
140070360
731583722
906920911
762603178
691267825
189858921
831356319
225521357
105533949
373389775
57546740
314050867
13652552
398474169
7994584
483914433
90641373
194733458
1007403258
837564185
746222297
542667426
489594056
24666116
416250128
786047936
375637502
884345835
389805773
844614284
634168656
448282400
554649760
110189918
166899020
383438869
989888911
370573437
354248559
344357449
836814692
238520085
348883606
596087892
659557681
400045412
166345988
874987802
402206624
893635853
474171984
139801098
614004091
222633783
492247702
303734724
12546394
366111125
686283416
1001190577
540418672
575928972
163580731
692577673
698359949
559478256
685107200
1013939108
575670851
789432079
950579464
1009115246
563997183
647075241
541272796
171175282
203779189
484272711
902665756
318407523
31834634
201283361
846162604
472501256
768816330
1000958943
659300265
1016078416
224311013
161692039
867157172
274992677
402266343
962425321
751427917
293922374
526182213
793492113
461265590
740171993
131267976
655023905
102189804
886526836
162881745
933548490
864518415
115337440
606798268
172784103
937737039
123962445
1008216306
466525781
680491222
808424915
35659156
848757835
598320668
299815627
386981370
668569653
107987131
311068543
293665397
315501140
603330021
600173765
947778586
972498664
979054934
854896826
596009042
372356054
478393125
214719358
317523641
697976471
69120128
892223149
1682925
492397517
992803199
410192018
376398450
406198566
468154333
868862532
886899949
779434919
815375496
643101986
513214334
81005521
1002144382
855424977
232863969
244302064
224593667
600684625
606052726
844146879
28801831
825906178
105910547
164672628
750836501
170339156
219861133
574906516
256411452
247718350
659789233
780773362
500123296
24758735
289096082
83556045
62800725
780450349
135785045
241070960
223155990
649424180
300626880
976967242
416056327
398663228
316155454
978524418
